0.0001 0.1 0.101007
0.000102329 0.100577 0.101603
0.000104713 0.101158 0.102213
0.000107152 0.101742 0.102838
0.000109648 0.102329 0.103477
0.000112202 0.10292 0.104131
0.000114815 0.103514 0.1048
0.00011749 0.104112 0.105484
0.000120226 0.104713 0.106185
0.000123027 0.105317 0.106779
0.000125893 0.105925 0.107146
0.000128825 0.106537 0.107522
0.000131826 0.107152 0.107906
0.000134896 0.107771 0.108299
0.000138038 0.108393 0.108701
0.000141254 0.109018 0.109112
0.000144544 0.109648 0.109534
0.000147911 0.110281 0.109965
0.000151356 0.110917 0.110406
0.000154882 0.111558 0.110857
0.000158489 0.112202 0.111319
0.000162181 0.11285 0.111791
0.000165959 0.113501 0.112275
0.000169824 0.114156 0.112769
0.00017378 0.114815 0.113276
0.000177828 0.115478 0.113794
0.00018197 0.116145 0.114324
0.000186209 0.116815 0.114867
0.000190546 0.11749 0.115422
0.000194984 0.118168 0.11599
0.000199526 0.11885 0.116571
0.000204174 0.119536 0.117166
0.00020893 0.120226 0.117775
0.000213796 0.120921 0.118398
0.000218776 0.121619 0.119035
0.000223872 0.122321 0.119688
0.000229087 0.123027 0.120355
0.000234423 0.123737 0.121038
0.000239883 0.124451 0.121737
0.000245471 0.12517 0.122367
0.000251189 0.125893 0.122733
0.00025704 0.126619 0.123107
0.000263027 0.12735 0.123491
0.000269153 0.128086 0.123883
0.000275423 0.128825 0.124284
0.000281838 0.129569 0.124695
0.000288403 0.130317 0.125229
0.000295121 0.131069 0.126089
0.000301995 0.131826 0.126969
0.00030903 0.132587 0.12787
0.000316228 0.133352 0.128791
0.000323594 0.134122 0.129734
0.000331131 0.134896 0.130699
0.000338844 0.135675 0.131686
0.000346737 0.136458 0.132696
0.000354813 0.137246 0.13373
0.000363078 0.138038 0.134788
0.000371535 0.138835 0.13587
0.000380189 0.139637 0.136978
0.000389045 0.140443 0.138112
0.000398107 0.141254 0.139272
0.00040738 0.142069 0.140459
0.000416869 0.142889 0.141673
0.00042658 0.143714 0.142916
0.000436516 0.144544 0.144188
0.000446684 0.145378 0.145489
0.000457088 0.146218 0.146821
0.000467735 0.147062 0.148184
0.00047863 0.147911 0.149579
0.000489779 0.148765 0.15091
0.000501187 0.149624 0.15164
0.000512861 0.150487 0.152387
0.000524807 0.151356 0.153152
0.000537032 0.15223 0.153934
0.000549541 0.153109 0.154734
0.000562341 0.153993 0.155554
0.00057544 0.154882 0.156392
0.000588844 0.155776 0.15725
0.00060256 0.156675 0.158128
0.000616595 0.15758 0.159026
0.000630957 0.158489 0.159945
0.000645654 0.159404 0.160886
0.000660693 0.160325 0.161848
0.000676083 0.16125 0.162833
0.000691831 0.162181 0.163841
0.000707946 0.163117 0.164872
0.000724436 0.164059 0.165928
0.00074131 0.165006 0.167008
0.000758578 0.165959 0.168113
0.000776247 0.166917 0.169244
0.000794328 0.16788 0.170401
0.000812831 0.16885 0.171585
0.000831764 0.169824 0.172797
0.000851138 0.170805 0.174037
0.000870964 0.171791 0.175306
0.000891251 0.172783 0.176604
0.000912011 0.17378 0.177933
0.000933254 0.174783 0.179292
0.000954993 0.175792 0.180683
0.000977237 0.176807 0.182086
0.001 0.177828 0.182814
0.00102329 0.178855 0.183559
0.00104713 0.179887 0.184322
0.00107152 0.180926 0.185103
0.00109648 0.18197 0.185901
0.00112202 0.183021 0.186718
0.00114815 0.184077 0.187555
0.0011749 0.18514 0.188411
0.00120226 0.186209 0.189286
0.00123027 0.187284 0.190183
0.00125893 0.188365 0.1911
0.00128825 0.189452 0.192038
0.00131826 0.190546 0.192998
0.00134896 0.191646 0.193981
0.00138038 0.192752 0.194986
0.00141254 0.193865 0.196015
0.00144544 0.194984 0.197068
0.00147911 0.19611 0.198145
0.00151356 0.197242 0.199248
0.00154882 0.198381 0.200376
0.00158489 0.199526 0.20153
0.00162181 0.200678 0.202712
0.00165959 0.201837 0.203921
0.00169824 0.203002 0.205158
0.0017378 0.204174 0.206424
0.00177828 0.205353 0.207719
0.0018197 0.206538 0.209044
0.00186209 0.20773 0.210401
0.00190546 0.20893 0.211789
0.00194984 0.210136 0.213209
0.00199526 0.211349 0.213988
0.00204174 0.212569 0.214732
0.0020893 0.213796 0.215493
0.00213796 0.21503 0.216271
0.00218776 0.216272 0.217068
0.00223872 0.21752 0.217883
0.00229087 0.218776 0.218718
0.00234423 0.220039 0.219572
0.00239883 0.221309 0.220445
0.00245471 0.222587 0.221339
0.00251189 0.223872 0.222254
0.0025704 0.225165 0.22319
0.00263027 0.226464 0.224148
0.00269153 0.227772 0.225128
0.00275423 0.229087 0.226132
0.00281838 0.230409 0.227158
0.00288403 0.231739 0.228208
0.00295121 0.233077 0.229283
0.00301995 0.234423 0.230383
0.0030903 0.235776 0.231509
0.00316228 0.237137 0.23266
0.00323594 0.238506 0.233839
0.00331131 0.239883 0.235045
0.00338844 0.241268 0.236279
0.00346737 0.242661 0.237542
0.00354813 0.244062 0.238834
0.00363078 0.245471 0.240156
0.00371535 0.246888 0.24151
0.00380189 0.248313 0.242894
0.00389045 0.249747 0.244311
0.00398107 0.251189 0.245162
0.0040738 0.252639 0.245904
0.00416869 0.254097 0.246663
0.0042658 0.255564 0.24744
0.00436516 0.25704 0.248235
0.00446684 0.258523 0.249049
0.00457088 0.260016 0.249881
0.00467735 0.261517 0.251465
0.0047863 0.263027 0.253209
0.00489779 0.264545 0.254992
0.00501187 0.266073 0.256818
0.00512861 0.267609 0.258686
0.00524807 0.269153 0.260597
0.00537032 0.270707 0.262553
0.00549541 0.27227 0.264554
0.00562341 0.273842 0.266603
0.0057544 0.275423 0.268698
0.00588844 0.277013 0.270843
0.0060256 0.278612 0.273037
0.00616595 0.280221 0.275283
0.00630957 0.281838 0.277581
0.00645654 0.283465 0.279932
0.00660693 0.285102 0.282339
0.00676083 0.286748 0.284801
0.00691831 0.288403 0.287321
0.00707946 0.290068 0.289899
0.00724436 0.291743 0.292537
0.0074131 0.293427 0.295238
0.00758578 0.295121 0.298
0.00776247 0.296825 0.300827
0.00794328 0.298538 0.302674
0.00812831 0.300262 0.304154
0.00831764 0.301995 0.305669
0.00851138 0.303739 0.307219
0.00870964 0.305492 0.308805
0.00891251 0.307256 0.310428
0.00912011 0.30903 0.312089
0.00933254 0.310814 0.313788
0.00954993 0.312608 0.315527
0.00977237 0.314413 0.317307
0.01 0.316228 0.319128
0.0102329 0.318053 0.320991
0.0104713 0.31989 0.322898
0.0107152 0.321736 0.324849
0.0109648 0.323594 0.326846
0.0112202 0.325462 0.328889
0.0114815 0.327341 0.33098
0.011749 0.32923 0.33312
0.0120226 0.331131 0.335309
0.0123027 0.333043 0.337549
0.0125893 0.334965 0.339842
0.0128825 0.336899 0.342188
0.0131826 0.338844 0.344588
0.0134896 0.3408 0.347045
0.0138038 0.342768 0.349559
0.0141254 0.344747 0.352131
0.0144544 0.346737 0.354763
0.0147911 0.348739 0.357456
0.0151356 0.350752 0.360213
0.0154882 0.352777 0.363033
0.0158489 0.354813 0.365024
0.0162181 0.356862 0.3665
0.0165959 0.358922 0.368011
0.0169824 0.360994 0.369558
0.017378 0.363078 0.37114
0.0177828 0.365174 0.372759
0.018197 0.367282 0.374416
0.0186209 0.369403 0.376111
0.0190546 0.371535 0.377846
0.0194984 0.37368 0.379622
0.0199526 0.375837 0.381438
0.0204174 0.378007 0.383297
0.020893 0.380189 0.3852
0.0213796 0.382384 0.387146
0.0218776 0.384592 0.389138
0.0223872 0.386812 0.391177
0.0229087 0.389045 0.393263
0.0234423 0.391291 0.395397
0.0239883 0.39355 0.397581
0.0245471 0.395822 0.399816
0.0251189 0.398107 0.402103
0.025704 0.400405 0.404444
0.0263027 0.402717 0.406838
0.0269153 0.405042 0.409289
0.0275423 0.40738 0.411797
0.0281838 0.409732 0.414363
0.0288403 0.412098 0.416989
0.0295121 0.414477 0.419676
0.0301995 0.416869 0.422426
0.030903 0.419276 0.42524
0.0316228 0.421697 0.427373
0.0323594 0.424131 0.428847
0.0331131 0.42658 0.430354
0.0338844 0.429042 0.431897
0.0346737 0.431519 0.433475
0.0354813 0.43401 0.435091
0.0363078 0.436516 0.436743
0.0371535 0.439036 0.438435
0.0380189 0.44157 0.440166
0.0389045 0.44412 0.441937
0.0398107 0.446684 0.443749
0.040738 0.449262 0.445604
0.0416869 0.451856 0.447502
0.042658 0.454465 0.449444
0.0436516 0.457088 0.451431
0.0446684 0.459727 0.453465
0.0457088 0.462381 0.455545
0.0467735 0.46505 0.457675
0.047863 0.467735 0.459854
0.0489779 0.470435 0.462084
0.0501187 0.473151 0.464365
0.0512861 0.475883 0.4667
0.0524807 0.47863 0.469089
0.0537032 0.481393 0.471534
0.0549541 0.484172 0.474036
0.0562341 0.486968 0.476596
0.057544 0.489779 0.479216
0.0588844 0.492606 0.481897
0.060256 0.49545 0.48464
0.0616595 0.49831 0.487447
0.0630957 0.501187 0.489723
0.0645654 0.504081 0.491193
0.0660693 0.506991 0.492697
0.0676083 0.509918 0.494236
0.0691831 0.512861 0.495811
0.0707946 0.515822 0.497422
0.0724436 0.5188 0.499071
0.074131 0.521795 0.501518
0.0758578 0.524807 0.504971
0.0776247 0.527837 0.508505
0.0794328 0.530884 0.512121
0.0812831 0.533949 0.515822
0.0831764 0.537032 0.519608
0.0851138 0.540132 0.523483
0.0870964 0.54325 0.527448
0.0891251 0.546387 0.531506
0.0912011 0.549541 0.535658
0.0933254 0.552713 0.539907
0.0954993 0.555904 0.544254
0.0977237 0.559114 0.548703
0.1 0.562341 0.553256
0.102329 0.565588 0.557914
0.104713 0.568853 0.562681
0.107152 0.572137 0.56756
0.109648 0.57544 0.572551
0.112202 0.578762 0.577659
0.114815 0.582103 0.582886
0.11749 0.585464 0.588235
0.120226 0.588844 0.593709
0.123027 0.592243 0.599309
0.125893 0.595662 0.604148
0.128825 0.599101 0.60708
0.131826 0.60256 0.610081
0.134896 0.606038 0.613152
0.138038 0.609537 0.616294
0.141254 0.613056 0.619509
0.144544 0.616595 0.622799
0.147911 0.620155 0.626166
0.151356 0.623735 0.629612
0.154882 0.627336 0.633137
0.158489 0.630957 0.636745
0.162181 0.6346 0.640437
0.165959 0.638263 0.644214
0.169824 0.641948 0.64808
0.17378 0.645654 0.652036
0.177828 0.649382 0.656084
0.18197 0.653131 0.660226
0.186209 0.656901 0.664464
0.190546 0.660693 0.668802
0.194984 0.664508 0.67324
0.199526 0.668344 0.677782
0.204174 0.672202 0.682429
0.20893 0.676083 0.687185
0.213796 0.679986 0.692052
0.218776 0.683912 0.697032
0.223872 0.68786 0.702128
0.229087 0.691831 0.707343
0.234423 0.695825 0.712678
0.239883 0.699842 0.718139
0.245471 0.703882 0.723727
0.251189 0.707946 0.72885
0.25704 0.712033 0.731775
0.263027 0.716143 0.734769
0.269153 0.720278 0.737833
0.275423 0.724436 0.740967
0.281838 0.728618 0.744175
0.288403 0.732825 0.747457
0.295121 0.737055 0.750816
0.301995 0.74131 0.754253
0.30903 0.74559 0.757771
0.316228 0.749894 0.76137
0.323594 0.754223 0.765052
0.331131 0.758578 0.768821
0.338844 0.762957 0.772678
0.346737 0.767361 0.776624
0.354813 0.771792 0.780663
0.363078 0.776247 0.784795
0.371535 0.780728 0.789023
0.380189 0.785236 0.79335
0.389045 0.789769 0.797778
0.398107 0.794328 0.802309
0.40738 0.798914 0.806946
0.416869 0.803526 0.81169
0.42658 0.808165 0.816545
0.436516 0.812831 0.821514
0.446684 0.817523 0.826597
0.457088 0.822243 0.8318
0.467735 0.82699 0.837123
0.47863 0.831764 0.842571
0.489779 0.836566 0.848145
0.501187 0.841395 0.853552
0.512861 0.846253 0.856471
0.524807 0.851138 0.859457
0.537032 0.856052 0.862514
0.549541 0.860994 0.865641
0.562341 0.865964 0.868841
0.57544 0.870964 0.872116
0.588844 0.875992 0.875466
0.60256 0.881049 0.878896
0.616595 0.886135 0.882404
0.630957 0.891251 0.885995
0.645654 0.896396 0.889669
0.660693 0.901571 0.893429
0.676083 0.906776 0.897276
0.691831 0.912011 0.901213
0.707946 0.917276 0.905242
0.724436 0.922571 0.909365
0.74131 0.927897 0.913583
0.758578 0.933254 0.9179
0.776247 0.938642 0.922318
0.794328 0.944061 0.926838
0.812831 0.949511 0.931463
0.831764 0.954993 0.936197
0.851138 0.960506 0.94104
0.870964 0.966051 0.945997
0.891251 0.971628 0.951068
0.912011 0.977237 0.956258
0.933254 0.982879 0.961569
0.954993 0.988553 0.967004
0.977237 0.99426 0.972565
1 1 0.978256
1.02329 1.00577 0.981167
1.04713 1.01158 0.984147
1.07152 1.01742 0.987195
1.09648 1.02329 0.990315
1.12202 1.0292 0.993508
1.14815 1.03514 0.996775
1.1749 1.04112 1.00024
1.20226 1.04713 1.00708
1.23027 1.05317 1.01408
1.25893 1.05925 1.02124
1.28825 1.06537 1.02857
1.31826 1.07152 1.03608
1.34896 1.07771 1.04375
1.38038 1.08393 1.05161
1.41254 1.09018 1.05965
1.44544 1.09648 1.06787
1.47911 1.10281 1.07629
1.51356 1.10917 1.0849
1.54882 1.11558 1.09372
1.58489 1.12202 1.10273
1.62181 1.1285 1.11196
1.65959 1.13501 1.12141
1.69824 1.14156 1.13107
1.7378 1.14815 1.14096
1.77828 1.15478 1.15108
1.8197 1.16145 1.16144
1.86209 1.16815 1.17203
1.90546 1.1749 1.18288
1.94984 1.18168 1.19397
1.99526 1.1885 1.20533
2.04174 1.19536 1.21173
2.0893 1.20226 1.21767
2.13796 1.20921 1.22376
2.18776 1.21619 1.22998
2.23872 1.22321 1.23635
2.29087 1.23027 1.24287
2.34423 1.23737 1.24954
2.39883 1.24451 1.25637
2.45471 1.2517 1.26335
2.51189 1.25893 1.2705
2.5704 1.26619 1.27781
2.63027 1.2735 1.28529
2.69153 1.28086 1.29295
2.75423 1.28825 1.30079
2.81838 1.29569 1.30881
2.88403 1.30317 1.31702
2.95121 1.31069 1.32541
3.01995 1.31826 1.33401
3.0903 1.32587 1.3428
3.16228 1.33352 1.3518
3.23594 1.34122 1.361
3.31131 1.34896 1.37043
3.38844 1.35675 1.38007
3.46737 1.36458 1.38993
3.54813 1.37246 1.40003
3.63078 1.38038 1.41036
3.71535 1.38835 1.42093
3.80189 1.39637 1.43175
3.89045 1.40443 1.44282
3.98107 1.41254 1.45415
4.0738 1.42069 1.46112
4.16869 1.42889 1.46705
4.2658 1.43714 1.47312
4.36516 1.44544 1.47933
4.46684 1.45378 1.48569
4.57088 1.46218 1.49219
4.67735 1.47062 1.49885
4.7863 1.47911 1.50566
4.89779 1.48765 1.51262
5.01187 1.49624 1.51975
5.12861 1.50487 1.52705
5.24807 1.51356 1.53452
5.37032 1.5223 1.54216
5.49541 1.53109 1.54997
5.62341 1.53993 1.55797
5.7544 1.54882 1.56616
5.88844 1.55776 1.57454
6.0256 1.56675 1.58311
6.16595 1.5758 1.59188
6.30957 1.58489 1.60086
6.45654 1.59404 1.61005
6.60693 1.60325 1.61944
6.76083 1.6125 1.62906
6.91831 1.62181 1.63891
7.07946 1.63117 1.64898
7.24436 1.64059 1.65928
7.4131 1.65006 1.66983
7.58578 1.65959 1.68062
7.76247 1.66917 1.69167
7.94328 1.6788 1.70297
8.12831 1.6885 1.71052
8.31764 1.69824 1.71644
8.51138 1.70805 1.72249
8.70964 1.71791 1.72869
8.91251 1.72783 1.73503
9.12011 1.7378 1.74151
9.33254 1.74783 1.74815
9.54993 1.75792 1.75495
9.77237 1.76807 1.7619
10 1.77828 1.76901
10.2329 1.78855 1.77629
10.4713 1.79887 1.78374
10.7152 1.80926 1.79136
10.9648 1.8197 1.79916
11.2202 1.83021 1.80714
11.4815 1.84077 1.81531
11.749 1.8514 1.82367
12.0226 1.86209 1.83222
12.3027 1.87284 1.84097
12.5893 1.88365 1.84993
12.8825 1.89452 1.85909
13.1826 1.90546 1.86847
13.4896 1.91646 1.87806
13.8038 1.92752 1.88788
14.1254 1.93865 1.89793
14.4544 1.94984 1.90821
14.7911 1.9611 1.91873
15.1356 1.97242 1.9295
15.4882 1.98381 1.94052
15.8489 1.99526 1.95179
16.2181 2.00678 1.95992
16.5959 2.01837 1.96582
16.9824 2.03002 1.97186
17.378 2.04174 1.97804
17.7828 2.05353 1.98437
18.197 2.06538 1.99084
18.6209 2.0773 1.99746
19.0546 2.0893 2.00848
19.4984 2.10136 2.02235
19.9526 2.11349 2.03654
20.4174 2.12569 2.05107
20.893 2.13796 2.06593
21.3796 2.1503 2.08113
21.8776 2.16272 2.0967
22.3872 2.1752 2.11262
22.9087 2.18776 2.12892
23.4423 2.20039 2.14559
23.9883 2.21309 2.16266
24.5471 2.22587 2.18012
25.1189 2.23872 2.19799
25.704 2.25165 2.21627
26.3027 2.26464 2.23498
26.9153 2.27772 2.25413
27.5423 2.29087 2.27372
28.1838 2.30409 2.29377
28.8403 2.31739 2.31428
29.5121 2.33077 2.33528
30.1995 2.34423 2.35676
30.903 2.35776 2.37874
31.6228 2.37137 2.40123
32.3594 2.38506 2.41864
33.1131 2.39883 2.43041
33.8844 2.41268 2.44247
34.6737 2.42661 2.4548
35.4813 2.44062 2.46742
36.3078 2.45471 2.48033
37.1535 2.46888 2.49355
38.0189 2.48313 2.50707
38.9045 2.49747 2.52091
39.8107 2.51189 2.53506
40.738 2.52639 2.54955
41.6869 2.54097 2.56438
42.658 2.55564 2.57955
43.6516 2.5704 2.59508
44.6684 2.58523 2.61097
45.7088 2.60016 2.62722
46.7735 2.61517 2.64386
47.863 2.63027 2.66088
48.9779 2.64545 2.6783
50.1187 2.66073 2.69613
51.2861 2.67609 2.71437
52.4807 2.69153 2.73303
53.7032 2.70707 2.75213
54.9541 2.7227 2.77168
56.2341 2.73842 2.79168
57.544 2.75423 2.81215
58.8844 2.77013 2.83309
60.256 2.78612 2.85452
61.6595 2.80221 2.87645
63.0957 2.81838 2.89889
64.5654 2.83465 2.91744
66.0693 2.85102 2.92919
67.6083 2.86748 2.94121
69.1831 2.88403 2.95352
70.7946 2.90068 2.9661
72.4436 2.91743 2.97899
74.131 2.93427 2.99217
75.8578 2.95121 3.00566
77.6247 2.96825 3.01947
79.4328 2.98538 3.03359
81.2831 3.00262 3.04805
83.1764 3.01995 3.06284
85.1138 3.03739 3.07797
87.0964 3.05492 3.09346
89.1251 3.07256 3.10931
91.2011 3.0903 3.12553
93.3254 3.10814 3.14213
95.4993 3.12608 3.15911
97.7237 3.14413 3.17649
100 3.16228 3.19427
102.329 3.18053 3.21247
104.713 3.1989 3.23109
107.152 3.21736 3.25015
109.648 3.23594 3.26965
112.202 3.25462 3.2896
114.815 3.27341 3.31002
117.49 3.2923 3.33091
120.226 3.31131 3.35229
123.027 3.33043 3.37417
125.893 3.34965 3.39656
128.825 3.36899 3.41624
131.826 3.38844 3.42797
134.896 3.408 3.43996
138.038 3.42768 3.45223
141.254 3.44747 3.46479
144.544 3.46737 3.47765
147.911 3.48739 3.4908
151.356 3.50752 3.50426
154.882 3.52777 3.51803
158.489 3.54813 3.53212
162.181 3.56862 3.54654
165.959 3.58922 3.5613
169.824 3.60994 3.5764
173.78 3.63078 3.59185
177.828 3.65174 3.60766
181.97 3.67282 3.62384
186.209 3.69403 3.6404
190.546 3.71535 3.65734
194.984 3.7368 3.67468
199.526 3.75837 3.69242
204.174 3.78007 3.71058
208.93 3.80189 3.72915
213.796 3.82384 3.74816
218.776 3.84592 3.76762
223.872 3.86812 3.78752
229.087 3.89045 3.80789
234.423 3.91291 3.82874
239.883 3.9355 3.85007
245.471 3.95822 3.87189
251.189 3.98107 3.89423
257.04 4.00405 3.91505
263.027 4.02717 3.92675
269.153 4.05042 3.93871
275.423 4.0738 3.95096
281.838 4.09732 3.96349
288.403 4.12098 3.97631
295.121 4.14477 3.98943
301.995 4.16869 4.00571
309.03 4.19276 4.03319
316.228 4.21697 4.06131
323.594 4.24131 4.09008
331.131 4.2658 4.11953
338.844 4.29042 4.14965
346.737 4.31519 4.18048
354.813 4.3401 4.21204
363.078 4.36516 4.24432
371.535 4.39036 4.27736
380.189 4.4157 4.31116
389.045 4.4412 4.34575
398.107 4.46684 4.38115
407.38 4.49262 4.41737
416.869 4.51856 4.45444
426.58 4.54465 4.49237
436.516 4.57088 4.53119
446.684 4.59727 4.5709
457.088 4.62381 4.61155
467.735 4.6505 4.65314
478.63 4.67735 4.69569
489.779 4.70435 4.73924
501.187 4.73151 4.78381
512.861 4.75883 4.82773
524.807 4.7863 4.85106
537.032 4.81393 4.87494
549.541 4.84172 4.89937
562.341 4.86968 4.92437
575.44 4.89779 4.94995
588.844 4.92606 4.97613
602.56 4.9545 5.00292
616.595 4.9831 5.03033
630.957 5.01187 5.05838
645.654 5.04081 5.08709
660.693 5.06991 5.11646
676.083 5.09918 5.14652
691.831 5.12861 5.17728
707.946 5.15822 5.20875
724.436 5.188 5.24096
741.31 5.21795 5.27392
758.578 5.24807 5.30764
776.247 5.27837 5.34215
794.328 5.30884 5.37747
812.831 5.33949 5.4136
831.764 5.37032 5.45058
851.138 5.40132 5.48842
870.964 5.4325 5.52715
891.251 5.46387 5.56677
912.011 5.49541 5.60732
933.254 5.52713 5.64881
954.993 5.55904 5.69127
977.237 5.59114 5.73471
1000 5.62341 5.77917
1023.29 5.65588 5.82467
1047.13 5.68853 5.84863
1071.52 5.72137 5.87245
1096.48 5.7544 5.89682
1122.02 5.78762 5.92176
1148.15 5.82103 5.94729
1174.9 5.85464 5.97341
1202.26 5.88844 6.00013
1230.27 5.92243 6.02748
1258.93 5.95662 6.05547
1288.25 5.99101 6.0841
1318.26 6.0256 6.1134
1348.96 6.06038 6.14339
1380.38 6.09537 6.17408
1412.54 6.13056 6.20547
1445.44 6.16595 6.23761
1479.11 6.20155 6.27048
1513.56 6.23735 6.30413
1548.82 6.27336 6.33856
1584.89 6.30957 6.37379
1621.81 6.346 6.40984
1659.59 6.38263 6.44674
1698.24 6.41948 6.48449
1737.8 6.45654 6.52312
1778.28 6.49382 6.56264
1819.7 6.53131 6.6031
1862.09 6.56901 6.64449
1905.46 6.60693 6.68685
1949.84 6.64508 6.73019
1995.26 6.68344 6.77454
2041.74 6.72202 6.81993
2089.3 6.76083 6.84621
2137.96 6.79986 6.86997
2187.76 6.83912 6.89429
2238.72 6.8786 6.91917
2290.87 6.91831 6.94463
2344.23 6.95825 6.97069
2398.83 6.99842 6.99735
2454.71 7.03882 7.02463
2511.89 7.07946 7.05255
2570.4 7.12033 7.08112
2630.27 7.16143 7.11036
2691.53 7.20278 7.14027
2754.23 7.24436 7.17088
2818.38 7.28618 7.20221
2884.03 7.32825 7.23426
2951.21 7.37055 7.26707
3019.95 7.4131 7.30063
3090.3 7.4559 7.33498
3162.28 7.49894 7.37012
3235.94 7.54223 7.40609
3311.31 7.58578 7.4429
3388.44 7.62957 7.48056
3467.37 7.67361 7.5191
3548.13 7.71792 7.55853
3630.78 7.76247 7.59889
3715.35 7.80728 7.64018
3801.89 7.85236 7.68244
3890.45 7.89769 7.72568
3981.07 7.94328 7.76993
4073.8 7.98914 7.81521
4168.69 8.03526 7.84379
4265.8 8.08165 7.8675
4365.16 8.12831 7.89176
4466.84 8.17523 7.91658
4570.88 8.22243 7.94198
4677.35 8.2699 7.96798
4786.3 8.31764 7.99458
4897.79 8.36566 8.04359
5011.87 8.41395 8.0993
5128.61 8.46253 8.1563
5248.07 8.51138 8.21463
5370.32 8.56052 8.27431
5495.41 8.60994 8.3354
5623.41 8.65964 8.3979
5754.4 8.70964 8.46185
5888.44 8.75992 8.52731
6025.6 8.81049 8.59428
6165.95 8.86135 8.66281
6309.57 8.91251 8.73293
6456.54 8.96396 8.8047
6606.93 9.01571 8.87814
6760.83 9.06776 8.95328
6918.31 9.12011 9.03017
7079.46 9.17276 9.10886
7244.36 9.22571 9.18938
7413.1 9.27897 9.27177
7585.78 9.33254 9.35608
7762.47 9.38642 9.44236
7943.28 9.44061 9.53065
8128.31 9.49511 9.62099
8317.64 9.54993 9.68276
8511.38 9.60506 9.73006
8709.64 9.66051 9.77847
8912.51 9.71628 9.828
9120.11 9.77237 9.87868
9332.54 9.82879 9.93054
9549.93 9.88553 9.98361
9772.37 9.9426 10.0379
10000 10 10.0935